num	aa	ab	ac	ba	bb	bc	ca	cb	cc
505	0	-1	1	-1	-1	1	-1	-1	-1
1234	0	-1	1	-1	-1	1	0	-1	-1
1262	1	-1	1	0	-1	1	0	-1	-1
1991	1	-1	1	0	-1	1	1	-1	-1
3103	0	1	1	-1	1	-1	0	0	-1
5290	0	1	1	-1	1	-1	0	1	-1
7066	0	-1	1	-1	-1	1	-1	-1	0
7174	0	-1	1	0	0	1	-1	-1	0
7507	0	-1	-1	1	1	-1	0	-1	0
7530	-1	1	1	1	1	-1	0	-1	0
7795	0	-1	1	-1	-1	1	0	-1	0
7822	0	-1	1	0	-1	1	0	-1	0
7823	1	-1	1	0	-1	1	0	-1	0
7850	1	-1	1	1	-1	1	0	-1	0
7903	0	-1	1	0	0	1	0	-1	0
7904	1	-1	1	0	0	1	0	-1	0
7931	1	-1	1	1	0	1	0	-1	0
7944	-1	1	-1	-1	1	1	0	-1	0
7945	0	1	-1	-1	1	1	0	-1	0
7984	0	-1	1	0	1	1	0	-1	0
8010	-1	-1	1	1	1	1	0	-1	0
8011	0	-1	1	1	1	1	0	-1	0
8073	-1	-1	-1	1	-1	-1	1	-1	0
8151	-1	1	1	0	0	-1	1	-1	0
8232	-1	1	1	0	1	-1	1	-1	0
8259	-1	1	1	1	1	-1	1	-1	0
8631	-1	-1	1	0	0	1	1	-1	0
8632	0	-1	1	0	0	1	1	-1	0
8633	1	-1	1	0	0	1	1	-1	0
8659	0	-1	1	1	0	1	1	-1	0
8660	1	-1	1	1	0	1	1	-1	0
8673	-1	1	-1	-1	1	1	1	-1	0
8674	0	1	-1	-1	1	1	1	-1	0
8739	-1	-1	1	1	1	1	1	-1	0
8740	0	-1	1	1	1	1	1	-1	0
8741	1	-1	1	1	1	1	1	-1	0
8803	0	-1	-1	1	-1	-1	-1	0	0
8884	0	-1	-1	1	0	-1	-1	0	0
9280	0	-1	1	0	-1	1	-1	0	0
9362	1	-1	1	0	0	1	-1	0	0
9430	0	1	-1	0	1	1	-1	0	0
9443	1	-1	1	0	1	1	-1	0	0
9469	0	-1	1	1	1	1	-1	0	0
9532	0	-1	-1	1	-1	-1	0	0	0
9612	-1	-1	-1	1	0	-1	0	0	0
9613	0	-1	-1	1	0	-1	0	0	0
9614	1	-1	-1	1	0	-1	0	0	0
9693	-1	-1	-1	1	1	-1	0	0	0
9694	0	-1	-1	1	1	-1	0	0	0
9695	1	-1	-1	1	1	-1	0	0	0
9969	-1	1	-1	-1	-1	1	0	0	0
10037	1	-1	1	1	-1	1	0	0	0
10050	-1	1	-1	-1	0	1	0	0	0
10051	0	1	-1	-1	0	1	0	0	0
10052	1	1	-1	-1	0	1	0	0	0
10063	0	-1	1	-1	0	1	0	0	0
10079	1	1	-1	0	0	1	0	0	0
10089	-1	-1	1	0	0	1	0	0	0
10091	1	-1	1	0	0	1	0	0	0
10106	1	1	-1	1	0	1	0	0	0
10117	0	-1	1	1	0	1	0	0	0
10118	1	-1	1	1	0	1	0	0	0
10131	-1	1	-1	-1	1	1	0	0	0
10132	0	1	-1	-1	1	1	0	0	0
10133	1	1	-1	-1	1	1	0	0	0
10144	0	-1	1	-1	1	1	0	0	0
10197	-1	-1	1	1	1	1	0	0	0
10198	0	-1	1	1	1	1	0	0	0
10199	1	-1	1	1	1	1	0	0	0
10261	0	-1	-1	1	-1	-1	1	0	0
10339	0	1	1	0	0	-1	1	0	0
10341	-1	-1	-1	1	0	-1	1	0	0
10342	0	-1	-1	1	0	-1	1	0	0
10343	1	-1	-1	1	0	-1	1	0	0
10420	0	1	1	0	1	-1	1	0	0
10422	-1	-1	-1	1	1	-1	1	0	0
10423	0	-1	-1	1	1	-1	1	0	0
10424	1	-1	-1	1	1	-1	1	0	0
10698	-1	1	-1	-1	-1	1	1	0	0
10779	-1	1	-1	-1	0	1	1	0	0
10780	0	1	-1	-1	0	1	1	0	0
10781	1	1	-1	-1	0	1	1	0	0
10846	0	-1	1	1	0	1	1	0	0
10847	1	-1	1	1	0	1	1	0	0
10860	-1	1	-1	-1	1	1	1	0	0
10861	0	1	-1	-1	1	1	1	0	0
10862	1	1	-1	-1	1	1	1	0	0
10926	-1	-1	1	1	1	1	1	0	0
10927	0	-1	1	1	1	1	1	0	0
10990	0	-1	-1	1	-1	-1	-1	1	0
11071	0	-1	-1	1	0	-1	-1	1	0
11549	1	-1	1	0	0	1	-1	1	0
11617	0	1	-1	0	1	1	-1	1	0
11630	1	-1	1	0	1	1	-1	1	0
11656	0	-1	1	1	1	1	-1	1	0
11665	0	-1	-1	-1	-1	-1	0	1	0
11719	0	-1	-1	1	-1	-1	0	1	0
11771	1	1	1	-1	0	-1	0	1	0
11797	0	1	1	0	0	-1	0	1	0
11799	-1	-1	-1	1	0	-1	0	1	0
11800	0	-1	-1	1	0	-1	0	1	0
11801	1	-1	-1	1	0	-1	0	1	0
11878	0	1	1	0	1	-1	0	1	0
11880	-1	-1	-1	1	1	-1	0	1	0
11881	0	-1	-1	1	1	-1	0	1	0
11882	1	-1	-1	1	1	-1	0	1	0
12223	0	-1	1	1	-1	1	0	1	0
12237	-1	1	-1	-1	0	1	0	1	0
12238	0	1	-1	-1	0	1	0	1	0
12239	1	1	-1	-1	0	1	0	1	0
12266	1	1	-1	0	0	1	0	1	0
12293	1	1	-1	1	0	1	0	1	0
12304	0	-1	1	1	0	1	0	1	0
12305	1	-1	1	1	0	1	0	1	0
12318	-1	1	-1	-1	1	1	0	1	0
12319	0	1	-1	-1	1	1	0	1	0
12320	1	1	-1	-1	1	1	0	1	0
12384	-1	-1	1	1	1	1	0	1	0
12385	0	-1	1	1	1	1	0	1	0
12386	1	-1	1	1	1	1	0	1	0
12448	0	-1	-1	1	-1	-1	1	1	0
12526	0	1	1	0	0	-1	1	1	0
12528	-1	-1	-1	1	0	-1	1	1	0
12529	0	-1	-1	1	0	-1	1	1	0
12530	1	-1	-1	1	0	-1	1	1	0
12607	0	1	1	0	1	-1	1	1	0
12609	-1	-1	-1	1	1	-1	1	1	0
12610	0	-1	-1	1	1	-1	1	1	0
12611	1	-1	-1	1	1	-1	1	1	0
12966	-1	1	-1	-1	0	1	1	1	0
12967	0	1	-1	-1	0	1	1	1	0
12968	1	1	-1	-1	0	1	1	1	0
13033	0	-1	1	1	0	1	1	1	0
13034	1	-1	1	1	0	1	1	1	0
13047	-1	1	-1	-1	1	1	1	1	0
13048	0	1	-1	-1	1	1	1	1	0
13049	1	1	-1	-1	1	1	1	1	0
13061	1	-1	1	-1	1	1	1	1	0
13113	-1	-1	1	1	1	1	1	1	0
13114	0	-1	1	1	1	1	1	1	0
13735	0	-1	1	0	0	1	-1	-1	1
14091	-1	1	1	1	1	-1	0	-1	1
14383	0	-1	1	0	-1	1	0	-1	1
14411	1	-1	1	1	-1	1	0	-1	1
14492	1	-1	1	1	0	1	0	-1	1
14505	-1	1	-1	-1	1	1	0	-1	1
14506	0	1	-1	-1	1	1	0	-1	1
14571	-1	-1	1	1	1	1	0	-1	1
14572	0	-1	1	1	1	1	0	-1	1
14634	-1	-1	-1	1	-1	-1	1	-1	1
14712	-1	1	1	0	0	-1	1	-1	1
14793	-1	1	1	0	1	-1	1	-1	1
14820	-1	1	1	1	1	-1	1	-1	1
15139	0	-1	1	1	-1	1	1	-1	1
15192	-1	-1	1	0	0	1	1	-1	1
15194	1	-1	1	0	0	1	1	-1	1
15220	0	-1	1	1	0	1	1	-1	1
15221	1	-1	1	1	0	1	1	-1	1
15234	-1	1	-1	-1	1	1	1	-1	1
15235	0	1	-1	-1	1	1	1	-1	1
15300	-1	-1	1	1	1	1	1	-1	1
15301	0	-1	1	1	1	1	1	-1	1
15302	1	-1	1	1	1	1	1	-1	1
16173	-1	-1	-1	1	0	-1	0	0	1
16174	0	-1	-1	1	0	-1	0	0	1
16175	1	-1	-1	1	0	-1	0	0	1
16255	0	-1	-1	1	1	-1	0	0	1
16256	1	-1	-1	1	1	-1	0	0	1
16530	-1	1	-1	-1	-1	1	0	0	1
16598	1	-1	1	1	-1	1	0	0	1
16624	0	-1	1	-1	0	1	0	0	1
16650	-1	-1	1	0	0	1	0	0	1
16678	0	-1	1	1	0	1	0	0	1
16679	1	-1	1	1	0	1	0	0	1
16692	-1	1	-1	-1	1	1	0	0	1
16693	0	1	-1	-1	1	1	0	0	1
16705	0	-1	1	-1	1	1	0	0	1
16758	-1	-1	1	1	1	1	0	0	1
16759	0	-1	1	1	1	1	0	0	1
16760	1	-1	1	1	1	1	0	0	1
16902	-1	-1	-1	1	0	-1	1	0	1
16903	0	-1	-1	1	0	-1	1	0	1
16904	1	-1	-1	1	0	-1	1	0	1
16983	-1	-1	-1	1	1	-1	1	0	1
16984	0	-1	-1	1	1	-1	1	0	1
16985	1	-1	-1	1	1	-1	1	0	1
17259	-1	1	-1	-1	-1	1	1	0	1
17407	0	-1	1	1	0	1	1	0	1
17408	1	-1	1	1	0	1	1	0	1
17421	-1	1	-1	-1	1	1	1	0	1
17422	0	1	-1	-1	1	1	1	0	1
17487	-1	-1	1	1	1	1	1	0	1
17488	0	-1	1	1	1	1	1	0	1
18226	0	-1	-1	-1	-1	-1	0	1	1
18360	-1	-1	-1	1	0	-1	0	1	1
18361	0	-1	-1	1	0	-1	0	1	1
18362	1	-1	-1	1	0	-1	0	1	1
18442	0	-1	-1	1	1	-1	0	1	1
18443	1	-1	-1	1	1	-1	0	1	1
18784	0	-1	1	1	-1	1	0	1	1
18865	0	-1	1	1	0	1	0	1	1
18866	1	-1	1	1	0	1	0	1	1
18879	-1	1	-1	-1	1	1	0	1	1
18880	0	1	-1	-1	1	1	0	1	1
18945	-1	-1	1	1	1	1	0	1	1
18946	0	-1	1	1	1	1	0	1	1
18947	1	-1	1	1	1	1	0	1	1
19089	-1	-1	-1	1	0	-1	1	1	1
19090	0	-1	-1	1	0	-1	1	1	1
19091	1	-1	-1	1	0	-1	1	1	1
19170	-1	-1	-1	1	1	-1	1	1	1
19171	0	-1	-1	1	1	-1	1	1	1
19172	1	-1	-1	1	1	-1	1	1	1
19594	0	-1	1	1	0	1	1	1	1
19595	1	-1	1	1	0	1	1	1	1
19608	-1	1	-1	-1	1	1	1	1	1
19609	0	1	-1	-1	1	1	1	1	1
19674	-1	-1	1	1	1	1	1	1	1
19675	0	-1	1	1	1	1	1	1	1
