num	aa	ab	ac	ba	bb	bc	ca	cb	cc
3346	0	1	1	-1	1	0	0	0	-1
5533	0	1	1	-1	1	0	0	1	-1
5563	0	-1	-1	1	1	0	0	1	-1
6292	0	-1	-1	1	1	0	1	1	-1
6966	-1	-1	-1	-1	1	0	-1	-1	0
6967	0	-1	-1	-1	1	0	-1	-1	0
6969	-1	0	-1	-1	1	0	-1	-1	0
6970	0	0	-1	-1	1	0	-1	-1	0
7038	-1	-1	1	1	1	0	-1	-1	0
7039	0	-1	1	1	1	0	-1	-1	0
7209	-1	-1	-1	-1	1	1	-1	-1	0
7210	0	-1	-1	-1	1	1	-1	-1	0
7212	-1	0	-1	-1	1	1	-1	-1	0
7213	0	0	-1	-1	1	1	-1	-1	0
7257	-1	0	1	0	1	1	-1	-1	0
7258	0	0	1	0	1	1	-1	-1	0
7288	0	1	1	1	1	1	-1	-1	0
7456	0	0	-1	-1	1	-1	0	-1	0
7458	-1	1	-1	-1	1	-1	0	-1	0
7459	0	1	-1	-1	1	-1	0	-1	0
7524	-1	-1	1	1	1	-1	0	-1	0
7525	0	-1	1	1	1	-1	0	-1	0
7527	-1	0	1	1	1	-1	0	-1	0
7528	0	0	1	1	1	-1	0	-1	0
7696	0	-1	-1	-1	1	0	0	-1	0
7699	0	0	-1	-1	1	0	0	-1	0
7767	-1	-1	1	1	1	0	0	-1	0
7768	0	-1	1	1	1	0	0	-1	0
7770	-1	0	1	1	1	0	0	-1	0
7771	0	0	1	1	1	0	0	-1	0
7773	-1	1	1	1	1	0	0	-1	0
7939	0	-1	-1	-1	1	1	0	-1	0
7941	-1	0	-1	-1	1	1	0	-1	0
7942	0	0	-1	-1	1	1	0	-1	0
7961	1	0	1	-1	1	1	0	-1	0
7986	-1	0	1	0	1	1	0	-1	0
7988	1	0	1	0	1	1	0	-1	0
7990	0	1	1	0	1	1	0	-1	0
7991	1	1	1	0	1	1	0	-1	0
8013	-1	0	1	1	1	1	0	-1	0
8014	0	0	1	1	1	1	0	-1	0
8015	1	0	1	1	1	1	0	-1	0
8425	0	-1	-1	-1	1	0	1	-1	0
8428	0	0	-1	-1	1	0	1	-1	0
8496	-1	-1	1	1	1	0	1	-1	0
8497	0	-1	1	1	1	0	1	-1	0
8499	-1	0	1	1	1	0	1	-1	0
8500	0	0	1	1	1	0	1	-1	0
8502	-1	1	1	1	1	0	1	-1	0
8503	0	1	1	1	1	0	1	-1	0
8668	0	-1	-1	-1	1	1	1	-1	0
8670	-1	0	-1	-1	1	1	1	-1	0
8671	0	0	-1	-1	1	1	1	-1	0
8689	0	0	1	-1	1	1	1	-1	0
8690	1	0	1	-1	1	1	1	-1	0
8715	-1	0	1	0	1	1	1	-1	0
8716	0	0	1	0	1	1	1	-1	0
8717	1	0	1	0	1	1	1	-1	0
8742	-1	0	1	1	1	1	1	-1	0
8743	0	0	1	1	1	1	1	-1	0
9159	-1	1	-1	-1	1	0	-1	0	0
9160	0	1	-1	-1	1	0	-1	0	0
9713	1	-1	1	1	1	-1	0	0	0
9906	-1	1	1	-1	1	0	0	0	0
9907	0	1	1	-1	1	0	0	0	0
9936	-1	-1	-1	1	1	0	0	0	0
9937	0	-1	-1	1	1	0	0	0	0
9938	1	-1	-1	1	1	0	0	0	0
9954	-1	-1	1	1	1	0	0	0	0
9955	0	-1	1	1	1	0	0	0	0
9956	1	-1	1	1	1	0	0	0	0
10179	-1	-1	-1	1	1	1	0	0	0
10180	0	-1	-1	1	1	1	0	0	0
10181	1	-1	-1	1	1	1	0	0	0
10618	0	1	-1	-1	1	0	1	0	0
10665	-1	-1	-1	1	1	0	1	0	0
10666	0	-1	-1	1	1	0	1	0	0
10667	1	-1	-1	1	1	0	1	0	0
10683	-1	-1	1	1	1	0	1	0	0
10684	0	-1	1	1	1	0	1	0	0
10908	-1	-1	-1	1	1	1	1	0	0
10909	0	-1	-1	1	1	1	1	0	0
10910	1	-1	-1	1	1	1	1	0	0
11169	-1	-1	1	1	1	-1	-1	1	0
11346	-1	1	-1	-1	1	0	-1	1	0
11347	0	1	-1	-1	1	0	-1	1	0
11364	-1	1	1	-1	1	0	-1	1	0
11395	0	-1	-1	1	1	0	-1	1	0
11638	0	-1	-1	1	1	1	-1	1	0
11848	0	0	1	-1	1	-1	0	1	0
12087	-1	-1	1	-1	1	0	0	1	0
12088	0	-1	1	-1	1	0	0	1	0
12090	-1	0	1	-1	1	0	0	1	0
12091	0	0	1	-1	1	0	0	1	0
12093	-1	1	1	-1	1	0	0	1	0
12094	0	1	1	-1	1	0	0	1	0
12123	-1	-1	-1	1	1	0	0	1	0
12124	0	-1	-1	1	1	0	0	1	0
12125	1	-1	-1	1	1	0	0	1	0
12126	-1	0	-1	1	1	0	0	1	0
12127	0	0	-1	1	1	0	0	1	0
12142	0	-1	1	1	1	0	0	1	0
12143	1	-1	1	1	1	0	0	1	0
12334	0	0	1	-1	1	1	0	1	0
12366	-1	-1	-1	1	1	1	0	1	0
12367	0	-1	-1	1	1	1	0	1	0
12368	1	-1	-1	1	1	1	0	1	0
12369	-1	0	-1	1	1	1	0	1	0
12370	0	0	-1	1	1	1	0	1	0
12577	0	0	1	-1	1	-1	1	1	0
12805	0	1	-1	-1	1	0	1	1	0
12823	0	1	1	-1	1	0	1	1	0
12852	-1	-1	-1	1	1	0	1	1	0
12853	0	-1	-1	1	1	0	1	1	0
12854	1	-1	-1	1	1	0	1	1	0
12855	-1	0	-1	1	1	0	1	1	0
12856	0	0	-1	1	1	0	1	1	0
13095	-1	-1	-1	1	1	1	1	1	0
13096	0	-1	-1	1	1	1	1	1	0
13097	1	-1	-1	1	1	1	1	1	0
13098	-1	0	-1	1	1	1	1	1	0
13099	0	0	-1	1	1	1	1	1	0
13527	-1	-1	-1	-1	1	0	-1	-1	1
13528	0	-1	-1	-1	1	0	-1	-1	1
13530	-1	0	-1	-1	1	0	-1	-1	1
13531	0	0	-1	-1	1	0	-1	-1	1
13599	-1	-1	1	1	1	0	-1	-1	1
13600	0	-1	1	1	1	0	-1	-1	1
13770	-1	-1	-1	-1	1	1	-1	-1	1
13771	0	-1	-1	-1	1	1	-1	-1	1
13773	-1	0	-1	-1	1	1	-1	-1	1
13774	0	0	-1	-1	1	1	-1	-1	1
14017	0	0	-1	-1	1	-1	0	-1	1
14019	-1	1	-1	-1	1	-1	0	-1	1
14020	0	1	-1	-1	1	-1	0	-1	1
14260	0	0	-1	-1	1	0	0	-1	1
14328	-1	-1	1	1	1	0	0	-1	1
14329	0	-1	1	1	1	0	0	-1	1
14331	-1	0	1	1	1	0	0	-1	1
14332	0	0	1	1	1	0	0	-1	1
14334	-1	1	1	1	1	0	0	-1	1
14502	-1	0	-1	-1	1	1	0	-1	1
14522	1	0	1	-1	1	1	0	-1	1
14549	1	0	1	0	1	1	0	-1	1
14551	0	1	1	0	1	1	0	-1	1
14574	-1	0	1	1	1	1	0	-1	1
14575	0	0	1	1	1	1	0	-1	1
14576	1	0	1	1	1	1	0	-1	1
15057	-1	-1	1	1	1	0	1	-1	1
15058	0	-1	1	1	1	0	1	-1	1
15060	-1	0	1	1	1	0	1	-1	1
15061	0	0	1	1	1	0	1	-1	1
15063	-1	1	1	1	1	0	1	-1	1
15231	-1	0	-1	-1	1	1	1	-1	1
15250	0	0	1	-1	1	1	1	-1	1
15251	1	0	1	-1	1	1	1	-1	1
15277	0	0	1	0	1	1	1	-1	1
15278	1	0	1	0	1	1	1	-1	1
15303	-1	0	1	1	1	1	1	-1	1
15304	0	0	1	1	1	1	1	-1	1
15720	-1	1	-1	-1	1	0	-1	0	1
15721	0	1	-1	-1	1	0	-1	0	1
16274	1	-1	1	1	1	-1	0	0	1
16497	-1	-1	-1	1	1	0	0	0	1
16498	0	-1	-1	1	1	0	0	0	1
16499	1	-1	-1	1	1	0	0	0	1
16515	-1	-1	1	1	1	0	0	0	1
16516	0	-1	1	1	1	0	0	0	1
16517	1	-1	1	1	1	0	0	0	1
16740	-1	-1	-1	1	1	1	0	0	1
16741	0	-1	-1	1	1	1	0	0	1
17226	-1	-1	-1	1	1	0	1	0	1
17227	0	-1	-1	1	1	0	1	0	1
17228	1	-1	-1	1	1	0	1	0	1
17244	-1	-1	1	1	1	0	1	0	1
17245	0	-1	1	1	1	0	1	0	1
17469	-1	-1	-1	1	1	1	1	0	1
17470	0	-1	-1	1	1	1	1	0	1
17730	-1	-1	1	1	1	-1	-1	1	1
17907	-1	1	-1	-1	1	0	-1	1	1
17908	0	1	-1	-1	1	0	-1	1	1
17925	-1	1	1	-1	1	0	-1	1	1
17956	0	-1	-1	1	1	0	-1	1	1
18199	0	-1	-1	1	1	1	-1	1	1
18409	0	0	1	-1	1	-1	0	1	1
18655	0	1	1	-1	1	0	0	1	1
18684	-1	-1	-1	1	1	0	0	1	1
18685	0	-1	-1	1	1	0	0	1	1
18686	1	-1	-1	1	1	0	0	1	1
18687	-1	0	-1	1	1	0	0	1	1
18703	0	-1	1	1	1	0	0	1	1
18704	1	-1	1	1	1	0	0	1	1
18927	-1	-1	-1	1	1	1	0	1	1
18928	0	-1	-1	1	1	1	0	1	1
18930	-1	0	-1	1	1	1	0	1	1
19138	0	0	1	-1	1	-1	1	1	1
19384	0	1	1	-1	1	0	1	1	1
19413	-1	-1	-1	1	1	0	1	1	1
19414	0	-1	-1	1	1	0	1	1	1
19415	1	-1	-1	1	1	0	1	1	1
19416	-1	0	-1	1	1	0	1	1	1
19417	0	0	-1	1	1	0	1	1	1
19656	-1	-1	-1	1	1	1	1	1	1
19657	0	-1	-1	1	1	1	1	1	1
19659	-1	0	-1	1	1	1	1	1	1
19660	0	0	-1	1	1	1	1	1	1
